1.11626	0.416025
1.13298	0.430275
1.14162	0.444523
1.13846	0.420343
1.1317	0.405527
1.13426	0.428967
1.1312	0.417608
1.15112	0.417418
1.13087	0.428769
1.13415	0.442143
1.13992	0.432577
1.11845	0.443326
1.1049	0.447597
1.10258	0.428611
1.10578	0.411959
1.13072	0.412734
1.13129	0.420883
1.12393	0.407763
1.14815	0.390727
1.12874	0.385933
1.12912	0.409027
1.13304	0.430687
1.14166	0.447312
1.11831	0.453787
1.13842	0.461147
1.12993	0.477397
1.11512	0.479729
1.13041	0.485694
1.10922	0.495037
1.11933	0.470099
1.11865	0.453277
1.11652	0.461602
1.12507	0.454978
1.13495	0.461336
1.12843	0.45494
1.1168	0.439362
1.13483	0.462043
1.11069	0.46837
1.0901	0.446811
1.10139	0.465531
1.08948	0.469066
1.06585	0.44609
1.08871	0.435151
1.10788	0.410675
1.12718	0.393104
1.12895	0.375301
1.11348	0.382034
1.12904	0.38522
1.11468	0.386841
1.10228	0.398417
1.10243	0.390328
1.07863	0.413218
1.09085	0.398796
1.09095	0.382796
1.1105	0.373182
1.09204	0.374586
1.09251	0.376729
1.1075	0.38235
1.13008	0.372653
1.12583	0.370501
1.13296	0.387748
1.11502	0.390243
1.12709	0.365857
1.13259	0.366792
1.15412	0.380095
1.16152	0.370887
1.16704	0.376504
1.16772	0.380266
1.14702	0.370571
1.16256	0.384666
1.18203	0.406247
1.17227	0.417624
1.1664	0.427322
1.1814	0.407674
1.19265	0.388393
1.17395	0.364506
1.17224	0.381944
1.18993	0.374911
1.20331	0.371654
1.20985	0.357835
1.22668	0.368501
1.24492	0.364893
1.2484	0.377249
1.24106	0.370985
1.23282	0.378219
1.21188	0.387322
1.20404	0.378322
1.2195	0.382814
1.21488	0.359891
1.19136	0.351628
1.19816	0.328937
1.21019	0.305899
1.23512	0.29212
1.25461	0.290768
1.24416	0.274329
1.25152	0.280474
1.24446	0.278474
1.2576	0.302194
1.23355	0.296393
1.21946	0.32097
1.20339	0.301773
1.20584	0.321475
1.21163	0.306092
1.19682	0.325438
1.18975	0.344719
1.16866	0.366406
1.16383	0.368377
1.14309	0.351516
1.1676	0.348674
1.14937	0.372899
1.13547	0.366938
1.12417	0.349489
1.109	0.367986
1.08913	0.383311
1.07409	0.405499
1.09323	0.405055
1.07914	0.418003
1.1037	0.402811
1.11482	0.395105
1.13641	0.384812
1.12783	0.38988
1.10604	0.396776
1.09644	0.401861
1.09807	0.382636
1.12222	0.375143
1.11799	0.388951
1.11125	0.386537
1.11802	0.367847
1.09901	0.388333
1.10436	0.365276
1.11733	0.354476
1.12207	0.37747
1.11065	0.384228
1.11334	0.385915
1.10757	0.374917
1.11146	0.387474
1.10921	0.369193
1.11324	0.379436
1.08988	0.360444
1.10977	0.337449
1.11089	0.31811
1.0946	0.299493
1.08432	0.307482
1.06397	0.311922
1.06402	0.312685
1.04504	0.329227
1.03245	0.313758
1.01494	0.299892
1.01343	0.304205
0.995507	0.300363
1.00481	0.310365
0.979972	0.334109
0.996602	0.309239
1.01938	0.3083
1.02508	0.28963
1.02058	0.308262
1.03563	0.287406
1.06043	0.29696
1.08254	0.291443
1.09652	0.285109
1.11518	0.262881
1.11111	0.255645
1.11212	0.234177
1.11398	0.2517
1.12907	0.229413
1.10672	0.227428
1.12846	0.222005
1.12049	0.230167
1.12049	0.230167
1.12684	0.234254
1.12602	0.240993
1.14461	0.248527
1.1272	0.273191
1.14707	0.282333
1.13501	0.290392
1.11908	0.300557
1.10883	0.322908
1.1201	0.306996
1.13435	0.317674
1.1353	0.298798
1.12443	0.30606
1.10132	0.307763
1.11789	0.305712
1.1102	0.302126
1.09261	0.285944
1.11456	0.29386
1.09355	0.277235
1.09981	0.260767
1.09001	0.257442
1.10597	0.264665
1.10597	0.264665
1.10633	0.244578
1.12242	0.243371
1.12193	0.258407
1.12299	0.257824
1.09858	0.23818
1.09372	0.243987
1.09146	0.261338
1.09391	0.257295
1.07384	0.282243
1.06132	0.261689
1.06132	0.261689
1.08628	0.266209
1.08342	0.286603
1.09925	0.26259
1.08668	0.268762
1.08866	0.284379
1.06817	0.303444
1.08631	0.297393
1.08534	0.298162
1.10965	0.315327
1.1167	0.316576
1.0929	0.339785
1.10371	0.332021
1.11962	0.314158
1.12153	0.325724
1.13252	0.349647
1.11023	0.354254
1.09363	0.347732
1.11663	0.353444
1.12179	0.338291
1.12179	0.338291
1.14283	0.325988
1.14283	0.325988
1.15381	0.313094
1.1661	0.309469
1.16838	0.308263
1.15989	0.31122
1.15416	0.301147
1.16365	0.308894
1.17011	0.290694
1.18703	0.313992
1.19077	0.305328
1.20234	0.288115
1.17804	0.30664
1.19122	0.306969
1.19122	0.306969
1.21084	0.316695
1.19732	0.312805
1.17479	0.337217
1.15435	0.325595
1.15459	0.337801
1.15459	0.337801
1.14429	0.326584
1.13859	0.310294
1.1259	0.292236
1.13302	0.274945
1.13302	0.274945
1.13149	0.295374
1.11712	0.290522
1.09741	0.306286
1.11033	0.304312
1.08632	0.299652
1.07767	0.29746
1.07308	0.273799
1.05365	0.260854
1.07061	0.259201
1.07061	0.259201
1.09532	0.272047
1.08567	0.288
1.08567	0.288
1.09191	0.27076
1.11276	0.27774
1.10652	0.258425
1.08369	0.277127
1.07775	0.288417
1.06506	0.289174
1.06506	0.289174
1.04138	0.29438
1.05335	0.294547
1.05351	0.296196
1.06348	0.300557
1.07823	0.31724
1.10153	0.3093
1.109	0.324285
1.109	0.324285
1.11496	0.332927
1.13013	0.314903
1.1079	0.338714
1.10604	0.363094
1.11934	0.376829
1.12982	0.36434
1.12929	0.389144
1.1087	0.382255
1.10232	0.387772
1.09281	0.385185
1.10024	0.390334
1.11742	0.37794
1.13767	0.380411
1.13713	0.397484
1.16024	0.413173
1.1503	0.426486
1.1306	0.436536
1.13293	0.441519
1.1261	0.419156
1.12895	0.421885
1.12032	0.438849
1.12195	0.417883
1.10004	0.424582
1.11559	0.447311
1.12989	0.430852
1.12989	0.430852
1.15145	0.444813
1.14287	0.425765
1.14291	0.439765
1.13155	0.448195
1.12533	0.445478
1.1334	0.432436
1.15097	0.450324
1.14173	0.456781
1.12343	0.438124
1.10584	0.45415
1.08626	0.444301
1.07034	0.466662
1.07842	0.462508
1.05521	0.48487
1.06018	0.508042
1.06377	0.531766
1.08819	0.539375
1.06802	0.541234
1.06802	0.541234
1.08828	0.528096
1.08043	0.515281
1.06226	0.496115
1.0559	0.480272
1.06672	0.457283
1.07411	0.456405
1.06049	0.4762
1.06049	0.4762
1.07449	0.487784
1.0552	0.485385
1.05942	0.489657
1.05966	0.506749
1.07498	0.50214
1.08454	0.489898
1.09048	0.467055
1.10024	0.452233
1.12317	0.44365
1.1355	0.45864
1.13505	0.457124
1.13471	0.453674
1.1434	0.464563
1.16833	0.483165
1.15649	0.476982
1.15738	0.486627
1.13282	0.504128
1.15085	0.520792
1.13271	0.507492
1.13271	0.507492
1.13494	0.503807
1.14802	0.525185
1.17189	0.539451
1.16306	0.546902
1.16306	0.546902
1.18557	0.546807
1.18557	0.546807
1.16757	0.555213
1.1923	0.545024
1.18449	0.531865
1.2069	0.550995
1.18309	0.547728
1.19022	0.57107
1.17795	0.570493
1.17795	0.570493
1.20014	0.571019
1.18942	0.567182
1.19835	0.561659
1.21841	0.58363
1.21995	0.593804
1.20803	0.595676
1.19347	0.607624
1.19067	0.61487
1.20219	0.628535
1.20323	0.641535
1.21213	0.651346
1.19763	0.666314
1.20472	0.647188
1.18793	0.623139
1.17015	0.604211
1.19202	0.623345
1.17249	0.603264
1.19199	0.582007
1.20318	0.570492
1.20299	0.590737
1.18779	0.607279
1.21212	0.607147
1.22053	0.582372
1.22927	0.562033
1.24472	0.537788
1.24643	0.516317
1.25823	0.506289
1.25693	0.518854
1.25693	0.518854
1.24495	0.49509
1.25586	0.513486
1.24093	0.495071
1.22576	0.504729
1.21464	0.529052
1.21542	0.545471
1.21542	0.545471
1.21542	0.545471
1.21052	0.546772
1.21052	0.546772
1.23259	0.552797
1.21262	0.547249
1.21778	0.543253
1.199	0.544797
1.20761	0.56262
1.21107	0.546086
1.21134	0.553813
1.19071	0.567871
1.20003	0.556995
1.18351	0.560806
1.18351	0.560806
1.20284	0.541723
1.21312	0.538811
1.22012	0.541611
1.2439	0.527831
1.25001	0.536402
1.22605	0.544598
1.23313	0.564247
1.2355	0.54996
1.22461	0.528054
1.22461	0.528054
1.21094	0.510428
1.18767	0.4875
1.19186	0.500747
1.16767	0.512154
1.16077	0.518164
1.16111	0.50921
1.15893	0.500487
1.13793	0.520899
1.14001	0.538601
1.14262	0.561562
1.12145	0.56992
1.12722	0.567255
1.11006	0.563311
1.11996	0.557596
1.11377	0.569636
1.13151	0.556252
1.12428	0.543823
1.12501	0.5591
1.11259	0.537675
1.0958	0.536411
1.08352	0.537817
1.10182	0.55758
1.11416	0.559166
1.1317	0.557091
1.11729	0.56505
1.12945	0.562828
1.12319	0.576629
1.12415	0.565023
1.11623	0.562808
1.09821	0.544764
1.10954	0.53545
1.09032	0.542357
1.09134	0.532465
1.07707	0.546025
1.0773	0.570069
1.05557	0.574213
1.03328	0.581608
1.02421	0.577781
1.00896	0.584838
0.997531	0.565484
0.981224	0.586419
0.98141	0.580521
0.97931	0.557707
0.995734	0.542688
0.981603	0.529515
0.961929	0.541021
0.980436	0.559422
1.0045	0.536202
0.992466	0.556884
0.992466	0.556884
0.988977	0.57085
0.996128	0.591447
1.02072	0.58103
1.02797	0.597407
1.04883	0.608104
1.05008	0.626837
1.0589	0.618346
1.0589	0.618346
1.04107	0.605071
1.01931	0.597881
1.0054	0.602271
0.991238	0.596234
0.991238	0.596234
0.997906	0.607469
0.97426	0.608647
0.970754	0.587661
0.981478	0.595357
0.974956	0.574343
0.974956	0.574343
0.997299	0.596536
1.00068	0.593922
0.980988	0.593138
0.956189	0.591673
0.932604	0.601079
0.932604	0.601079
0.932604	0.601079
0.917612	0.580175
0.92875	0.601307
0.948734	0.583005
0.926254	0.583804
0.935797	0.565524
0.917603	0.553519
0.92584	0.559541
0.949749	0.537193
0.970653	0.542724
0.964546	0.542059
0.947285	0.519564
0.947285	0.519564
0.947285	0.519564
0.967428	0.51034
0.944533	0.498111
0.924229	0.495069
0.947129	0.506077
0.94511	0.496121
0.94511	0.496121
0.921236	0.496838
0.921236	0.496838
0.904541	0.482557
0.904541	0.482557
0.901608	0.471666
0.924302	0.485185
0.929403	0.483335
0.912175	0.470543
0.923954	0.463824
0.923954	0.463824
0.945737	0.46941
0.945737	0.46941
0.945737	0.46941
0.947972	0.48489
0.956349	0.484278
0.942559	0.494222
0.960031	0.518836
0.978499	0.521216
0.978499	0.521216
0.955311	0.509913
0.972044	0.524617
0.96964	0.52323
0.964792	0.517744
0.979153	0.525196
0.9823	0.506955
0.972068	0.495807
0.972068	0.495807
0.964504	0.489589
0.964504	0.489589
0.964504	0.489589
0.958081	0.51261
0.967428	0.531892
0.978141	0.551465
0.984	0.545638
0.968406	0.562612
0.982876	0.57747
0.968021	0.560347
0.955419	0.555088
0.949303	0.53856
0.949303	0.53856
0.949303	0.53856
0.962379	0.540646
0.962379	0.540646
0.962379	0.540646
0.962379	0.540646
0.948321	0.549349
0.948321	0.549349
0.964589	0.558326
0.950867	0.582897
0.935524	0.588644
0.935271	0.609029
0.921745	0.586475
0.898994	0.598242
0.884195	0.611496
0.866287	0.634674
0.866287	0.634674
0.859666	0.640552
0.871765	0.625102
0.871765	0.625102
0.871765	0.625102
0.874499	0.60203
0.856124	0.593472
0.85083	0.57403
0.831738	0.551362
0.81272	0.540601
0.83468	0.533874
0.85505	0.551679
0.85505	0.551679
0.85505	0.551679
0.835624	0.538901
0.859576	0.560627
0.881043	0.559289
0.90448	0.555071
0.90448	0.555071
0.906247	0.558428
0.906247	0.558428
0.891734	0.567603
0.891734	0.567603
0.915411	0.572695
0.915411	0.572695
0.921169	0.577606
0.912161	0.589788
0.912161	0.589788
0.930691	0.574009
0.91072	0.56321
0.916866	0.576046
0.909926	0.560497
0.922334	0.560612
0.944816	0.569721
0.944816	0.569721
0.921331	0.547274
0.939547	0.552268
0.959767	0.569338
0.970586	0.58065
0.950314	0.573572
0.950314	0.573572
0.94595	0.598447
0.939052	0.577765
0.948797	0.602115
0.948797	0.602115
0.948797	0.602115
0.955117	0.611545
0.943678	0.625827
0.918789	0.619387
0.918789	0.619387
0.918789	0.619387
0.907963	0.595711
0.887404	0.598966
0.902706	0.581096
0.902706	0.581096
0.898913	0.580308
0.897642	0.582677
0.897642	0.582677
0.897642	0.582677
0.879337	0.565362
0.886251	0.579453
0.90003	0.584112
0.923876	0.578718
0.936733	0.561415
0.91183	0.565875
0.899735	0.579279
0.889929	0.564271
0.865644	0.555208
0.865644	0.555208
0.850282	0.579401
0.828028	0.583897
0.824177	0.582054
0.837766	0.562713
0.837766	0.562713
0.81616	0.585158
0.81616	0.585158
0.795082	0.591477
0.818275	0.574372
0.818275	0.574372
0.82566	0.588286
0.828533	0.566908
0.853155	0.585597
0.858762	0.579914
0.858762	0.579914
0.849957	0.5786
0.867232	0.59929
0.861267	0.592
0.868601	0.580156
0.868601	0.580156
0.84892	0.572182
0.842314	0.590362
0.847973	0.602694
0.83039	0.596207
0.849577	0.588024
0.858158	0.583643
0.876084	0.583466
0.858251	0.570692
0.867809	0.590287
0.879968	0.607639
0.862213	0.608951
0.862213	0.608951
0.875139	0.611872
0.87225	0.600955
0.849241	0.615636
0.849241	0.615636
0.83308	0.636913
0.826682	0.626593
0.814228	0.62831
0.814228	0.62831
0.810468	0.609397
0.831398	0.589392
0.831398	0.589392
0.831398	0.589392
0.809327	0.590605
0.809327	0.590605
0.80417	0.612811
0.807853	0.597494
0.809637	0.610066
0.809637	0.610066
0.804796	0.600995
0.792344	0.586432
0.787303	0.588339
0.791186	0.597802
0.791186	0.597802
0.796771	0.578048
0.796771	0.578048
0.796771	0.578048
0.784327	0.590558
0.794163	0.571232
0.794163	0.571232
0.795724	0.562918
0.811725	0.568672
0.811725	0.568672
0.811725	0.568672
0.804673	0.572747
0.81536	0.594052
0.828302	0.603746
0.826725	0.581078
0.826725	0.581078
0.832212	0.587333
0.832212	0.587333
0.843064	0.587521
0.855982	0.579989
0.87216	0.583521
0.871585	0.599373
0.868452	0.599877
0.858358	0.583937
0.839558	0.607047
0.838651	0.599988
0.838651	0.599988
0.831028	0.584864
0.829866	0.592716
0.829866	0.592716
0.852417	0.59992
0.852417	0.59992
0.835951	0.618898
0.824244	0.623788
0.81537	0.644842
0.822868	0.620107
0.803967	0.624463
0.813151	0.623794
0.790286	0.602186
0.790286	0.602186
0.790286	0.602186
0.790286	0.602186
0.790286	0.602186
0.781641	0.601961
0.796143	0.596639
0.796143	0.596639
0.779156	0.61844
0.782917	0.605057
0.780941	0.618467
0.767602	0.611856
0.788213	0.597289
0.788213	0.597289
0.788213	0.597289
0.788213	0.597289
0.807141	0.601485
0.795244	0.599064
0.808565	0.600246
0.808565	0.600246
0.785683	0.605301
0.784378	0.620064
0.774377	0.600529
0.77328	0.619132
0.77328	0.619132
0.77328	0.619132
0.767708	0.633899
0.771704	0.62799
0.75414	0.622379
0.778836	0.626969
0.778836	0.626969
0.795771	0.62184
0.817785	0.61912
0.817785	0.61912
0.812255	0.624501
0.819909	0.621813
0.833403	0.628655
0.825942	0.635371
0.825942	0.635371
0.825942	0.635371
0.826528	0.615781
0.817437	0.634949
0.817437	0.634949
0.817437	0.634949
0.823872	0.610881
0.804965	0.628352
0.804965	0.628352
0.804965	0.628352
0.804965	0.628352
0.792641	0.644488
0.792641	0.644488
0.775083	0.644457
0.775083	0.644457
0.775083	0.644457
0.757759	0.628299
0.765264	0.611487
0.765264	0.611487
0.765264	0.611487
0.765264	0.611487
0.765264	0.611487
0.765264	0.611487
0.765264	0.611487
0.765264	0.611487
0.751421	0.597874
0.745495	0.620397
0.761701	0.633939
0.784671	0.631485
0.803751	0.615913
0.78362	0.600413
0.78362	0.600413
0.794335	0.614469
0.782053	0.627188
0.782053	0.627188
0.782053	0.627188
0.782053	0.627188
0.782053	0.627188
0.782053	0.627188
0.770458	0.618694
0.770458	0.618694
0.770458	0.618694
0.770458	0.618694
0.770458	0.618694
0.770458	0.618694
0.793836	0.626745
0.797001	0.608014
0.797001	0.608014
0.818758	0.609363
0.818758	0.609363
0.818758	0.609363
0.815211	0.62985
0.795015	0.612659
0.795015	0.612659
0.790791	0.624238
0.790791	0.624238
0.790791	0.624238
0.790791	0.624238
0.790791	0.624238
0.790791	0.624238
0.790791	0.624238
0.802421	0.603446
0.802421	0.603446
0.802421	0.603446
0.802421	0.603446
0.802421	0.603446
0.787385	0.608385
0.804563	0.616574
0.804563	0.616574
0.804563	0.616574
0.804563	0.616574
0.804563	0.616574
0.804563	0.616574
0.804563	0.616574
0.786849	0.616642
0.783181	0.628559
0.783181	0.628559
0.796547	0.621218
0.796547	0.621218
0.804607	0.627033
0.804607	0.627033
0.804607	0.627033
0.804607	0.627033
0.804607	0.627033
0.814955	0.634437
0.814955	0.634437
0.814955	0.634437
0.803712	0.623436
0.806943	0.604823
0.806943	0.604823
0.806943	0.604823
0.814915	0.622284
0.807109	0.614909
0.807109	0.614909
0.816161	0.605626
0.816161	0.605626
0.816161	0.605626
0.816585	0.587777
0.793741	0.603663
0.793741	0.603663
0.799135	0.62405
0.799135	0.62405
0.799135	0.62405
0.799135	0.62405
0.799135	0.62405
0.799135	0.62405
0.799135	0.62405
0.799135	0.62405
0.799135	0.62405
0.799135	0.62405
0.799135	0.62405
0.799135	0.62405
0.799135	0.62405
0.799135	0.62405
0.809953	0.619351
0.809953	0.619351
0.809953	0.619351
0.809953	0.619351
0.809953	0.619351
0.809953	0.619351
0.809953	0.619351
0.809953	0.619351
0.809953	0.619351
0.78807	0.610248
0.78807	0.610248
0.78807	0.610248
0.78807	0.610248
0.78807	0.610248
0.78807	0.610248
0.78807	0.610248
0.78807	0.610248
0.78807	0.610248
0.78807	0.610248
0.78807	0.610248
0.78807	0.610248
0.78807	0.610248
0.78807	0.610248
0.78807	0.610248
0.78807	0.610248
0.78807	0.610248
0.78807	0.610248
0.78807	0.610248
0.78807	0.610248
0.78807	0.610248
0.78807	0.610248
0.78807	0.610248
0.78807	0.610248
0.78807	0.610248
0.78807	0.610248
0.78807	0.610248
0.778865	0.612174
0.778865	0.612174
0.793467	0.59915
0.793467	0.59915
0.812384	0.601204
0.812384	0.601204
0.803736	0.621654
0.794181	0.622159
0.794181	0.622159
0.794181	0.622159
0.794181	0.622159
0.794181	0.622159
0.794181	0.622159
0.794181	0.622159
0.794181	0.622159
0.794181	0.622159
0.794343	0.622609
0.794343	0.622609
0.794343	0.622609
0.794343	0.622609
0.794343	0.622609
0.794343	0.622609
0.793674	0.61479
0.793674	0.61479
0.793674	0.61479
0.793674	0.61479
0.793674	0.61479
0.793674	0.61479
0.793674	0.61479
0.793674	0.61479
0.793674	0.61479
0.793674	0.61479
0.793674	0.61479
0.793674	0.61479
0.793674	0.61479
0.793674	0.61479
0.793674	0.61479
0.793674	0.61479
0.793674	0.61479
0.793674	0.61479
0.793674	0.61479
0.793674	0.61479
0.793674	0.61479
0.793674	0.61479
0.793674	0.61479
0.793674	0.61479
0.793674	0.61479
0.793674	0.61479
0.793674	0.61479
0.793674	0.61479
0.793674	0.61479
0.793674	0.61479
0.793674	0.61479
0.793674	0.61479
0.793674	0.61479
0.793674	0.61479
0.793674	0.61479
0.793674	0.61479
0.793674	0.61479
0.793674	0.61479
0.793674	0.61479
0.793674	0.61479
0.793674	0.61479
0.793674	0.61479
0.812816	0.63095
0.796551	0.60791
0.796551	0.60791
0.796551	0.60791
0.796551	0.60791
0.796551	0.60791
0.796551	0.60791
0.796551	0.60791
0.796551	0.60791
0.796551	0.60791
0.796551	0.60791
0.796551	0.60791
0.796551	0.60791
0.796551	0.60791
0.796551	0.60791
0.796551	0.60791
0.796551	0.60791
0.796551	0.60791
0.796551	0.60791
0.796551	0.60791
0.796551	0.60791
0.796551	0.60791
0.796551	0.60791
0.796551	0.60791
0.796551	0.60791
0.796551	0.60791
0.796551	0.60791
0.796551	0.60791
0.796551	0.60791
0.796551	0.60791
0.796551	0.60791
0.796551	0.60791
0.796551	0.60791
0.796551	0.60791
0.796551	0.60791
0.796551	0.60791
0.796551	0.60791
0.796551	0.60791
0.796551	0.60791
0.796551	0.60791
0.796551	0.60791
0.796551	0.60791
0.796551	0.60791
0.796551	0.60791
0.796551	0.60791
0.796551	0.60791
0.796551	0.60791
0.796551	0.60791
0.796551	0.60791
0.796551	0.60791
0.796551	0.60791
0.796551	0.60791
0.796551	0.60791
0.796551	0.60791
0.796551	0.60791
0.796551	0.60791
0.796551	0.60791
0.796551	0.60791
0.796551	0.60791
0.796551	0.60791
0.796551	0.60791
0.796551	0.60791
0.796551	0.60791
0.796551	0.60791
0.796551	0.60791
0.796551	0.60791
0.796551	0.60791
0.796551	0.60791
0.796551	0.60791
0.796551	0.60791
0.796551	0.60791
0.796551	0.60791
0.796551	0.60791
0.796551	0.60791
0.796551	0.60791
0.796551	0.60791
0.796551	0.60791
0.796551	0.60791
0.796551	0.60791
0.796551	0.60791
0.796551	0.60791
0.796551	0.60791
0.796551	0.60791
0.796551	0.60791
0.796551	0.60791
0.796551	0.60791
0.796551	0.60791
0.796551	0.60791
0.796551	0.60791
0.796551	0.60791
0.796551	0.60791
0.796551	0.60791
0.796551	0.60791
0.796551	0.60791
0.796551	0.60791
0.796551	0.60791
0.796551	0.60791
0.796551	0.60791
0.796551	0.60791
0.796551	0.60791
0.796551	0.60791
0.796551	0.60791
0.796551	0.60791
0.796551	0.60791
0.796551	0.60791
0.796551	0.60791
0.796551	0.60791
0.796551	0.60791
0.796551	0.60791
0.796551	0.60791
0.796551	0.60791
0.796551	0.60791
0.796551	0.60791
0.796551	0.60791
0.796551	0.60791
0.796551	0.60791
0.796551	0.60791
0.796551	0.60791
0.796551	0.60791
0.796551	0.60791
0.796551	0.60791
0.796551	0.60791
0.796551	0.60791
0.796551	0.60791
0.796551	0.60791
0.796551	0.60791
0.796551	0.60791
0.796551	0.60791
0.796551	0.60791
0.796551	0.60791
0.796551	0.60791
0.796551	0.60791
0.796551	0.60791
0.796551	0.60791
0.796551	0.60791
0.796551	0.60791
0.796551	0.60791
0.796551	0.60791
0.796551	0.60791
0.796551	0.60791
0.796551	0.60791
0.796551	0.60791
0.796551	0.60791
0.796551	0.60791
0.796551	0.60791
0.796551	0.60791
0.796551	0.60791
0.796551	0.60791
0.796551	0.60791
0.796551	0.60791
0.796551	0.60791
0.796551	0.60791
0.796551	0.60791
0.796551	0.60791
0.796551	0.60791
0.796551	0.60791
0.796551	0.60791
0.796551	0.60791
0.796551	0.60791
