0	33.1218
1	30.6535
2	29.6837
3	29.6837
4	29.6405
5	28.2312
6	26.9522
7	26.9434
8	26.3486
9	26.3486
10	25.7815
11	25.7815
12	25.5041
13	24.3266
14	24.3266
15	23.351
16	23.351
17	23.0794
18	22.3401
19	21.7229
20	20.6642
21	20.6642
22	20.4598
23	19.6265
24	18.419
25	18.1146
26	18.1146
27	18.0544
28	18.0544
29	17.7898
30	17.6081
31	17.3435
32	16.4912
33	16.4912
34	16.4912
35	16.4912
36	16.4291
37	16.181
38	16.181
39	15.5476
40	15.185
41	15.185
42	14.9557
43	14.9557
44	14.4158
45	13.3749
46	13.3749
47	13.3749
48	12.2986
49	12.2986
50	11.8888
51	11.8888
52	11.8888
53	11.7884
54	11.581
55	11.4806
56	11.4805
57	11.4805
58	11.4805
59	11.4805
60	10.9587
61	10.9587
62	10.9587
63	10.6534
64	10.6534
65	10.5762
66	10.4581
67	10.4032
68	10.4032
69	10.3907
70	10.3907
71	10.3824
72	10.3824
73	10.3824
74	10.3824
75	9.94058
76	9.94058
77	9.94058
78	9.90653
79	9.90653
80	9.90653
81	9.90653
82	9.90653
83	9.90653
84	9.90653
85	9.90653
86	9.90653
87	9.90653
88	9.90653
89	9.90653
90	9.90653
91	9.72097
92	9.72097
93	9.72097
94	9.72097
95	9.72097
96	9.72097
97	9.69635
98	9.69635
99	9.69635
100	9.69635
101	9.47936
102	9.47936
103	9.47936
104	9.47936
105	9.47936
106	9.47936
107	9.47936
108	9.47936
109	9.47936
110	9.47936
111	9.47936
112	9.05947
113	9.05947
114	9.05947
115	9.05947
116	9.05947
117	9.05947
118	9.05947
119	9.05947
120	9.05947
121	9.05947
122	9.05947
123	9.03406
124	9.03406
125	9.03406
126	9.03406
127	9.03406
128	8.99975
129	8.99975
130	8.99975
131	8.99975
132	8.99975
133	8.99975
134	8.93634
135	8.93634
136	8.91646
137	8.91646
138	8.91646
139	8.91646
140	8.72963
141	8.72963
142	8.72963
143	8.72963
144	8.72963
145	8.72963
146	8.72963
147	8.72963
148	8.31359
149	8.31359
150	8.31359
151	8.31359
152	8.31359
153	8.31359
154	8.31359
155	8.31359
156	8.13825
157	8.13825
158	8.13825
159	7.8769
160	7.8769
161	7.8769
162	7.8769
163	7.8769
164	7.8769
165	7.83148
166	7.83148
167	7.83148
168	7.83148
169	7.83148
170	7.83148
171	7.83148
172	7.83148
173	7.83148
174	7.83148
175	7.83148
176	7.83148
177	7.83148
178	7.83148
179	7.83148
180	7.83148
181	7.83148
182	7.83148
183	7.83148
184	7.83148
185	7.83148
186	7.83148
187	7.83148
188	7.83148
189	7.83148
190	7.83148
191	7.83148
192	7.83148
193	7.83148
194	7.83148
195	7.83148
196	7.57923
197	7.57923
198	7.57923
199	7.57923
200	7.57923
201	7.56176
202	7.56176
203	7.56176
204	7.56176
205	7.56176
206	7.56176
207	7.26104
208	7.26104
209	7.26104
210	7.26104
211	7.26104
212	7.26104
213	7.26104
214	7.26104
215	7.26104
216	7.26104
217	7.26104
218	7.26104
219	7.26104
220	7.26104
221	7.26104
222	7.26104
223	7.26104
224	7.26104
225	7.20241
226	7.18495
227	7.18495
228	6.96907
229	6.95161
230	6.95161
231	6.95161
232	6.95161
233	6.95161
234	6.95161
235	6.95161
236	6.95161
237	6.95161
238	6.95161
239	6.95161
240	6.95161
241	6.95161
242	6.95161
243	6.95161
244	6.95161
245	6.95161
246	6.95161
247	6.95161
248	6.95161
249	6.95161
250	6.95161
251	6.95161
252	6.95161
253	6.95161
254	6.95161
255	6.50806
256	6.50806
257	6.50806
258	6.50806
259	6.24306
260	6.24306
261	6.24306
262	6.24306
263	6.24306
264	6.24306
265	6.24306
266	6.24306
267	6.24306
268	6.24306
269	6.24306
270	6.24306
271	6.24306
272	6.24306
273	6.24306
274	6.24306
275	6.24306
276	6.24306
277	6.24306
278	6.24306
279	6.24306
280	6.24306
281	6.24306
282	6.24306
283	6.24306
284	6.24306
285	6.24306
286	6.24306
287	6.24306
288	6.24306
289	6.24306
290	6.24306
291	6.24306
292	6.24306
293	6.24306
294	6.24306
295	6.24306
296	6.24306
297	6.24306
298	6.24306
299	6.24306
300	6.24306
301	6.24306
302	6.24306
303	6.24306
304	6.24306
305	6.24306
306	6.24306
307	6.24306
308	6.24306
309	6.24306
310	6.24306
311	6.24306
312	6.24306
313	6.24306
314	6.24306
315	6.24306
316	6.24306
317	6.24306
318	6.24306
319	6.24306
320	6.24306
321	6.24306
322	6.24306
323	6.24306
324	6.24306
325	6.24306
326	6.24306
327	6.24306
328	6.24306
329	6.24306
330	6.24306
331	6.24306
332	6.24306
333	6.24306
334	6.24306
335	6.24306
336	6.24306
337	6.24306
338	6.24306
339	6.24306
340	6.24306
341	6.24306
342	6.24306
343	6.24306
344	6.24306
345	6.24306
346	6.24306
347	6.24306
348	6.24306
349	6.24306
350	6.24306
351	6.24306
352	6.24306
353	6.24306
354	6.24306
355	6.24306
356	6.24306
357	6.24306
358	6.24306
359	6.24306
360	6.24306
361	6.24306
362	6.24306
363	6.24306
364	6.24306
365	6.24306
366	6.24306
367	6.24306
368	6.24306
369	6.24306
370	6.24306
371	6.24306
372	6.24306
373	6.24306
374	6.24306
375	6.24306
376	6.24306
377	6.24306
378	6.24306
379	6.24306
380	6.24306
381	6.24306
382	6.24306
383	6.24306
384	6.24306
385	6.24306
386	6.24306
387	6.24306
388	6.24306
389	6.24306
390	6.24306
391	6.24306
392	6.24306
393	6.24306
394	6.24306
395	6.24306
396	6.24306
397	6.24306
398	6.24306
399	6.24306
400	6.24306
401	6.24306
402	6.24306
403	6.24306
404	6.24306
405	6.24306
406	6.24306
407	6.24306
408	6.24306
409	6.24306
410	6.24306
411	6.24306
412	6.24306
413	6.24306
414	6.24306
415	6.24306
416	6.24306
417	6.24306
418	6.24306
419	6.24306
420	6.24306
421	6.24306
422	6.24306
423	6.24306
424	6.24306
425	6.24306
426	6.24306
427	6.24306
428	6.24306
429	6.24306
430	6.24306
431	6.24306
432	6.24306
433	6.24306
434	6.24306
435	6.24306
436	6.24306
437	6.24306
438	6.24306
439	6.24306
440	6.24306
441	6.24306
442	6.24306
443	6.24306
444	6.24306
445	6.24306
446	6.24306
447	6.24306
448	6.24306
449	6.24306
450	6.24306
451	6.24306
452	6.24306
453	6.24306
454	6.24306
455	6.24306
456	6.24306
457	6.24306
458	6.24306
459	6.24306
460	6.24306
461	6.24306
462	6.24306
463	6.24306
464	6.24306
465	6.24306
466	6.24306
467	6.24306
468	6.24306
469	6.24306
470	6.24306
471	6.24306
472	6.24306
473	6.24306
474	6.24306
475	6.24306
476	6.24306
477	6.24306
478	6.24306
479	6.24306
480	6.24306
481	6.24306
482	6.24306
483	6.24306
484	6.24306
485	6.24306
486	6.24306
487	6.24306
488	6.24306
489	6.24306
490	6.24306
491	6.24306
492	6.24306
493	6.24306
494	6.24306
495	6.24306
496	6.24306
497	6.24306
498	6.24306
499	6.24306
