0	424.746
1	418.659
2	407.756
3	403.52
4	383.364
5	372.314
6	362.313
7	362.313
8	350.251
9	350.251
10	343.223
11	341.743
12	339.254
13	334.728
14	332.116
15	328.147
16	323.886
17	319.5
18	315.929
19	308.81
20	302.165
21	300.839
22	298.403
23	293.562
24	292.492
25	286.148
26	284.031
27	276.501
28	276.501
29	266.693
30	262.185
31	259.206
32	255.487
33	250.259
34	250.259
35	246.632
36	245.518
37	243.828
38	243.083
39	238.545
40	237.973
41	236.337
42	236.337
43	233.342
44	230.495
45	228.17
46	225.686
47	223.583
48	222.821
49	219.144
50	218.42
51	216.487
52	214.268
53	212.336
54	211.612
55	208.088
56	202.626
57	202.626
58	202.626
59	202.626
60	199.531
61	198.563
62	198.433
63	196.962
64	193.091
65	193.091
66	193.091
67	188.745
68	188.745
69	187.257
70	186.846
71	186.797
72	186.089
73	184.142
74	182.485
75	181.808
76	180.117
77	179.44
78	179.44
79	179.44
80	178.479
81	177.742
82	177.514
83	175.482
84	175.482
85	174.394
86	173.505
87	172.751
88	172.751
89	171.609
90	171.609
91	170.714
92	170.649
93	168.708
94	167.11
95	166.298
96	166.202
97	164.901
98	164.031
99	164.031
100	162.682
101	160.462
102	160.462
103	160.141
104	159.795
105	159.795
106	157.009
107	157.009
108	156.532
109	155.759
110	155.4
111	154.239
112	154.239
113	153.332
114	151.812
115	151.812
116	151.812
117	151.146
118	148.193
119	147.527
120	146.795
121	146.795
122	146.53
123	146.53
124	146.206
125	145.976
126	145.485
127	144.005
128	143.843
129	143.275
130	143.275
131	142.171
132	142.171
133	139.501
134	138.525
135	138.525
136	138.525
137	137.4
138	137.299
139	136.174
140	136.174
141	135.787
142	135.143
143	134.257
144	133.226
145	133.226
146	131.827
147	130.797
148	130.797
149	130.583
150	130.098
151	129.706
152	129.337
153	128.668
154	128.276
155	128.063
156	128.063
157	127.796
158	126.366
159	125.897
160	125.897
161	124.126
162	123.871
163	123.871
164	122.228
165	122.228
166	122.228
167	122.22
168	121.595
169	121.595
170	121.072
171	121.072
172	120.875
173	120.846
174	120.214
175	120.214
176	119.758
177	119.758
178	119.758
179	118.925
180	118.761
181	118.265
182	118.1
183	118.1
184	118.1
185	117.462
186	116.727
187	115.924
188	115.76
189	115.76
190	115.727
191	115.727
192	115.353
193	115.268
194	114.894
195	114.894
196	114.622
197	114.622
198	114.613
199	112.653
200	112.644
201	112.372
202	112.15
203	110.703
204	110.703
205	110.249
206	110.157
207	110.151
208	110.059
209	109.306
210	109.208
211	109.208
212	109.208
213	109.208
214	109.208
215	109.208
216	109.208
217	109.023
218	108.902
219	108.567
220	108.567
221	108.567
222	108.337
223	108.337
224	108.337
225	108.276
226	108.276
227	108.263
228	108.263
229	107.656
230	107.656
231	107.656
232	107.656
233	107.656
234	107.656
235	107.39
236	107.39
237	105.726
238	105.726
239	105.35
240	105.35
241	104.313
242	104.313
243	104.313
244	103.499
245	103.491
246	103.491
247	103.491
248	103.483
249	102.459
250	102.459
251	101.922
252	101.784
253	101.775
254	101.657
255	101.657
256	101.657
257	101.657
258	101.498
259	100.34
260	100.219
261	98.4573
262	98.2899
263	96.9745
264	96.9745
265	96.961
266	96.2603
267	96.2603
268	96.1984
269	95.4549
270	95.4006
271	95.4006
272	95.112
273	95.112
274	95.112
275	95.112
276	95.112
277	95.112
278	95.112
279	95.112
280	95.112
281	95.112
282	95.112
283	95.112
284	94.9872
285	94.9872
286	94.9872
287	94.9299
288	94.9299
289	94.9299
290	94.9299
291	94.9299
292	94.9299
293	94.1012
294	93.576
295	93.2724
296	93.2724
297	92.9999
298	92.6964
299	92.6964
300	92.6964
301	92.5743
302	92.5743
303	92.5743
304	92.5743
305	92.0731
306	91.951
307	91.951
308	91.3028
309	91.1055
310	91.1055
311	90.8764
312	90.8661
313	90.8661
314	90.8661
315	90.8661
316	90.8661
317	90.8661
318	90.7315
319	90.7315
320	90.6253
321	90.6253
322	90.6253
323	90.6253
324	90.5784
325	90.0036
326	89.9567
327	89.6774
328	89.0557
329	88.9026
330	88.9026
331	88.9026
332	88.9026
333	88.9026
334	88.9026
335	88.9026
336	88.9026
337	88.9026
338	88.9026
339	88.9026
340	88.7263
341	88.7263
342	88.7263
343	88.7263
344	88.6921
345	88.6921
346	88.6921
347	88.631
348	88.631
349	88.631
350	88.631
351	88.631
352	88.631
353	88.631
354	88.631
355	88.631
356	88.631
357	88.631
358	88.631
359	88.631
360	88.631
361	88.631
362	88.631
363	88.631
364	88.631
365	88.631
366	88.631
367	88.631
368	88.631
369	88.631
370	88.631
371	88.631
372	88.631
373	88.631
374	88.631
375	88.631
376	88.5089
377	88.5089
378	87.5532
379	87.4509
380	87.4509
381	87.3144
382	87.3144
383	87.3144
384	87.3144
385	87.3144
386	87.3144
387	87.0167
388	86.7579
389	86.7579
390	86.7579
391	86.1952
392	86.1952
393	86.1952
394	86.1952
395	86.1952
396	86.1952
397	86.1952
398	86.1952
399	86.1952
400	86.1952
401	85.523
402	85.523
403	85.3391
404	85.3391
405	85.3391
406	85.3391
407	85.3391
408	85.3391
409	85.3391
410	85.3391
411	85.3391
412	85.3391
413	85.3391
414	85.3391
415	85.3391
416	84.8071
417	84.8071
418	84.8071
419	84.8071
420	84.8071
421	84.8071
422	84.8071
423	84.8071
424	84.8071
425	84.8071
426	84.8071
427	84.8071
428	84.8071
429	84.8071
430	84.8071
431	84.8071
432	84.8071
433	84.8071
434	84.8071
435	84.8071
436	84.8071
437	84.8071
438	84.8071
439	84.8071
440	84.7431
441	83.9827
442	83.9827
443	83.6659
444	83.6659
445	83.6659
446	83.6659
447	83.6659
448	83.6659
449	83.6659
450	83.6659
451	83.6659
452	83.6659
453	83.6659
454	83.4613
455	83.1445
456	83.1445
457	83.1445
458	82.4147
459	82.4147
460	82.4147
461	82.4147
462	82.4147
463	82.4147
464	82.4147
465	82.4147
466	82.4147
467	82.1315
468	82.1315
469	82.1315
470	82.1315
471	82.1315
472	81.3904
473	81.2154
474	81.2154
475	80.7158
476	80.7158
477	80.7158
478	80.7158
479	80.7158
480	80.7158
481	80.7158
482	80.6123
483	80.2428
484	80.2428
485	80.1393
486	80.1264
487	79.9936
488	79.9807
489	79.9807
490	79.9798
491	79.9798
492	79.6381
493	79.6381
494	79.6381
495	79.6381
496	79.6381
497	79.6381
498	79.6381
499	79.6381
500	79.6381
501	79.6381
502	79.6381
503	79.3591
504	79.3591
505	79.3591
506	79.1966
507	79.1738
508	79.1738
509	79.0113
510	79.0113
511	79.0113
512	79.0113
513	79.0113
514	78.9788
515	78.9788
516	78.9788
517	78.9788
518	78.9788
519	78.9788
520	78.9788
521	78.5354
522	78.3396
523	78.3396
524	78.1591
525	78.1591
526	78.0352
527	78.0352
528	77.8547
529	77.8547
530	77.8547
531	77.8547
532	77.8547
533	77.8547
534	77.8547
535	77.761
536	77.761
537	77.761
538	77.761
539	77.761
540	77.761
541	77.761
542	77.761
543	77.761
544	77.761
545	77.761
546	77.761
547	77.761
548	77.761
549	77.3861
550	77.3861
551	77.3861
552	77.3861
553	77.2726
554	76.9147
555	76.8012
556	76.8012
557	76.8012
558	76.8012
559	76.8012
560	76.7434
561	76.7434
562	76.6298
563	76.6298
564	76.6298
565	76.6298
566	76.6298
567	76.6298
568	76.6298
569	76.6298
570	76.6298
571	76.6298
572	76.6298
573	76.6298
574	76.6298
575	76.5772
576	76.5772
577	76.5772
578	76.5772
579	76.5772
580	76.5772
581	76.4856
582	76.4331
583	76.4331
584	76.4331
585	76.4331
586	76.3438
587	75.6936
588	75.6936
589	75.6936
590	75.6936
591	75.6044
592	75.6044
593	75.6044
594	75.6044
595	75.6044
596	75.6044
597	75.6044
598	75.6044
599	75.5825
600	75.5299
601	75.5299
602	75.5299
603	75.5299
604	75.5299
605	75.5299
606	75.5299
607	75.5299
608	75.3623
609	75.3623
610	75.3623
611	75.3623
612	75.3623
613	75.3623
614	75.3623
615	75.3623
616	74.6532
617	74.6007
618	74.6007
619	74.6007
620	74.6007
621	74.1777
622	74.0495
623	74.0495
624	74.0495
625	74.0495
626	74.0495
627	74.0495
628	74.0495
629	74.0495
630	74.0495
631	74.0495
632	74.0495
633	74.0495
634	74.0495
635	74.0495
636	74.0495
637	74.0495
638	74.0495
639	74.0495
640	74.0495
641	74.0495
642	74.0495
643	74.0495
644	74.0495
645	74.0296
646	74.0296
647	73.9742
648	73.9742
649	73.9742
650	73.9742
651	73.9742
652	73.9742
653	73.7117
654	73.7117
655	73.7117
656	73.7117
657	73.7117
658	73.7117
659	73.7117
660	73.7117
661	73.7117
662	73.7117
663	73.7117
664	73.7117
665	73.7117
666	73.7117
667	73.7117
668	73.7117
669	73.7117
670	73.7117
671	73.7117
672	73.7117
673	73.7117
674	73.7117
675	73.7117
676	73.7117
677	73.7117
678	73.7117
679	73.7117
680	73.7117
681	73.7117
682	73.7117
683	73.7117
684	73.7117
685	73.7117
686	73.7117
687	73.7117
688	73.7117
689	73.7117
690	73.7117
691	73.7117
692	73.7117
693	73.7117
694	73.7117
695	73.7117
696	73.7117
697	73.7117
698	73.2148
699	73.2148
700	73.2148
701	73.2148
702	73.2148
703	73.2148
704	73.2148
705	73.2148
706	73.2148
707	73.2148
708	73.2148
709	73.2148
710	73.2148
711	73.2148
712	73.2148
713	73.2148
714	73.2148
715	73.2148
716	73.2148
717	73.2148
718	73.2148
719	73.2148
720	73.2148
721	73.2148
722	73.2148
723	73.2148
724	73.2148
725	73.2148
726	72.3785
727	72.3785
728	72.3785
729	72.3785
730	72.3785
731	72.3785
732	72.3785
733	72.3785
734	72.3785
735	72.3785
736	72.3785
737	72.3785
738	72.3785
739	72.3785
740	72.3785
741	72.3785
742	72.3785
743	72.3785
744	72.3785
745	72.3785
746	72.3785
747	72.3785
748	72.3785
749	72.3785
750	72.3785
751	72.3785
752	72.3785
753	72.3785
754	72.3785
755	72.3785
756	72.3785
757	72.3785
758	72.3785
759	72.3785
760	72.3785
761	72.3785
762	72.3785
763	72.3785
764	72.3785
765	72.3785
766	72.3785
767	72.3785
768	72.3785
769	72.3785
770	72.1677
771	72.0235
772	72.0235
773	72.0235
774	72.0235
775	72.0235
776	72.0235
777	72.0235
778	72.0235
779	72.0235
780	72.0235
781	72.0235
782	72.0235
783	72.0235
784	72.0235
785	72.0235
786	72.0235
787	72.0235
788	72.0235
789	72.0235
790	72.0235
791	72.0235
792	72.0235
793	71.9859
794	71.9859
795	71.9859
796	71.9859
797	71.9859
798	71.9859
799	71.9859
800	71.9859
801	71.9859
802	71.9859
803	71.9859
804	71.9859
805	71.9859
806	71.9859
807	71.9859
808	71.9859
809	71.9816
810	71.9816
811	71.9816
812	71.9816
813	71.9816
814	71.9816
815	71.9816
816	71.9816
817	71.9816
818	71.9816
819	71.9816
820	71.9816
821	71.9816
822	71.9816
823	71.9816
824	71.9816
825	71.9816
826	71.9816
827	71.9816
828	71.9816
829	71.9816
830	71.9816
831	71.9816
832	71.9816
833	71.9816
834	71.9816
835	71.9816
836	71.9816
837	71.9816
838	71.9816
839	71.9816
840	71.9816
841	71.9816
842	71.9816
843	71.9816
844	71.9816
845	71.9816
846	71.9816
847	71.9816
848	71.9816
849	71.9816
850	71.9816
851	71.9816
852	71.9816
853	71.9816
854	71.9816
855	71.9816
856	71.9816
857	71.9816
858	71.9816
859	71.9816
860	71.9816
861	71.9816
862	71.9816
863	71.9816
864	71.9816
865	71.9816
866	71.9816
867	71.9816
868	71.9816
869	71.9816
870	71.9816
871	71.9816
872	71.9816
873	71.9816
874	71.9191
875	71.9191
876	71.8001
877	71.8001
878	71.8001
879	71.8001
880	71.8001
881	71.8001
882	71.8001
883	71.8001
884	71.8001
885	71.8001
886	71.8001
887	71.8001
888	71.8001
889	71.8001
890	71.8001
891	71.8001
892	71.8001
893	71.8001
894	71.8001
895	71.8001
896	71.8001
897	71.8001
898	71.8001
899	71.8001
900	71.8001
901	71.8001
902	71.8001
903	71.8001
904	71.8001
905	71.8001
906	71.2637
907	71.2637
908	71.2637
909	71.2637
910	71.2637
911	71.2637
912	71.2637
913	71.2637
914	71.2637
915	71.2637
916	71.2637
917	71.2637
918	71.2637
919	71.2637
920	71.2637
921	71.2637
922	71.2637
923	71.2637
924	71.2637
925	71.2637
926	71.2637
927	71.2637
928	71.2637
929	71.2637
930	71.2637
931	71.2637
932	71.2637
933	71.2637
934	71.2637
935	71.2637
936	71.2637
937	71.2637
938	71.2637
939	71.2637
940	71.2637
941	71.2637
942	71.2637
943	71.2637
944	71.2637
945	71.2637
946	71.2637
947	71.2637
948	71.2637
949	71.2637
950	71.2637
951	71.2637
952	71.2637
953	71.2637
954	71.2637
955	71.2637
956	71.2637
957	71.2637
958	71.2637
959	71.2637
960	71.2637
961	71.2637
962	71.2637
963	71.2637
964	71.2637
965	71.2637
966	71.2637
967	71.2637
968	71.2637
969	71.2637
970	71.2637
971	71.2637
972	71.2637
973	71.2637
974	71.2637
975	71.2637
976	71.2637
977	71.2637
978	71.2637
979	71.2637
980	71.2637
981	71.2637
982	71.2637
983	70.885
984	70.885
985	70.885
986	70.885
987	70.885
988	70.885
989	70.885
990	70.885
991	70.885
992	70.885
993	70.885
994	70.885
995	70.885
996	70.885
997	70.885
998	70.885
999	70.885
