0	424.746
1	418.659
2	407.756
3	403.52
4	383.364
5	372.314
6	362.313
7	362.313
8	350.251
9	350.251
10	343.223
11	341.743
12	339.254
13	334.728
14	332.116
15	328.147
16	323.886
17	319.5
18	315.929
19	308.81
20	302.165
21	300.839
22	298.403
23	293.562
24	292.492
25	286.148
26	284.031
27	276.501
28	276.501
29	266.693
30	262.185
31	259.206
32	255.487
33	250.259
34	250.259
35	246.632
36	245.518
37	243.828
38	243.083
39	238.545
40	237.973
41	236.337
42	236.337
43	233.342
44	230.495
45	228.17
46	225.686
47	223.583
48	222.821
49	208.908
50	208.908
51	208.908
52	208.794
53	208.794
54	208.115
55	208.115
56	208.115
57	206.736
58	202.345
59	202.278
60	201.623
61	200.922
62	200.079
63	197.603
64	196.895
65	196.895
66	196.602
67	196.477
68	194.187
69	191.656
70	191.656
71	191.516
72	190.619
73	187.643
74	186.072
75	184.478
76	184.281
77	182.89
78	182.814
79	182.059
80	181.259
81	181.195
82	179.124
83	178.184
84	175.33
85	174.64
86	174.58
87	172.213
88	171.321
89	171.198
90	168.733
91	167.861
92	167.803
93	166.646
94	162.943
95	162.943
96	162.471
97	161.623
98	161.623
99	152.546
100	152.546
101	152.546
102	152.546
103	152.546
104	150.105
105	150.105
106	150.105
107	149.849
108	149.849
109	149.666
110	147.489
111	147.489
112	147.489
113	147.489
114	147.146
115	146.275
116	146.275
117	145.407
118	145.033
119	143.819
120	143.55
121	142.381
122	142.324
123	140.428
124	140.428
125	140.226
126	139.259
127	139.259
128	138.928
129	137.084
130	137.084
131	136.377
132	135.208
133	134.754
134	134.704
135	134.258
136	134.251
137	133.59
138	133.59
139	133.583
140	133.138
141	131.694
142	131.026
143	131.026
144	130.253
145	130.237
146	129.463
147	129.361
148	129.332
149	129.019
150	128.989
151	127.755
152	127.725
153	127.622
154	127.622
155	127.487
156	127.083
157	126.717
158	124.914
159	124.451
160	123.745
161	123.398
162	123.265
163	123.265
164	121.999
165	121.999
166	121.999
167	121.877
168	121.573
169	120.683
170	120.654
171	120.228
172	118.722
173	118.722
174	118.255
175	118.255
176	118.165
177	118.165
178	118.165
179	117.78
180	117.566
181	117.475
182	117.475
183	117.09
184	116.805
185	116.805
186	116.805
187	116.004
188	115.719
189	115.548
190	114.877
191	113.699
192	112.992
193	112.992
194	112.992
195	112.62
196	112.62
197	112.62
198	112.487
199	112.487
200	111.649
201	111.403
202	111.403
203	111.377
204	111.263
205	111.082
206	111.082
207	110.902
208	110.851
209	110.389
210	110.389
211	110.389
212	110.012
213	109.971
214	109.971
215	109.049
216	109.008
217	109.008
218	108.673
219	108.673
220	107.85
221	107.234
222	106.689
223	106.648
224	106.648
225	106.648
226	106.648
227	105.603
228	105.603
229	105.603
230	105.603
231	105.603
232	104.322
233	104.322
234	104.322
235	104.322
236	103.403
237	103.403
238	102.93
239	102.93
240	102.543
241	102.543
242	101.93
243	101.621
244	101.152
245	100.779
246	100.779
247	100.63
248	100.63
249	96.8187
250	96.8187
251	96.6791
252	96.6791
253	96.4183
254	96.4183
255	96.4183
256	96.4183
257	96.0819
258	96.0819
259	95.8212
260	95.6322
261	95.5174
262	95.5174
263	95.3284
264	95.3284
265	95.271
266	94.5783
267	94.5783
268	94.521
269	94.521
270	94.521
271	94.0979
272	94.0979
273	94.0979
274	94.0979
275	94.0979
276	93.5358
277	93.5358
278	93.5358
279	93.2833
280	93.2833
281	93.0774
282	93.0774
283	93.0774
284	93.0774
285	93.0774
286	93.0774
287	93.0774
288	93.0774
289	93.0774
290	93.0774
291	92.7539
292	92.7539
293	92.7539
294	92.7539
295	92.7539
296	92.67
297	92.67
298	92.67
299	92.6492
300	92.6492
301	92.6492
302	92.6492
303	92.6492
304	91.8722
305	91.8722
306	91.8722
307	91.6965
308	91.6965
309	91.6965
310	91.6965
311	91.6965
312	91.6965
313	91.6965
314	91.6965
315	91.2024
316	91.136
317	91.136
318	91.136
319	90.8361
320	90.6418
321	90.2755
322	90.2755
323	89.7789
324	89.7789
325	89.7789
326	89.7789
327	89.7789
328	88.0286
329	88.0286
330	88.0286
331	88.0286
332	88.0286
333	88.0286
334	87.3604
335	87.3604
336	87.3604
337	87.3604
338	87.3604
339	87.3604
340	87.3604
341	87.3604
342	86.8967
343	86.161
344	86.161
345	86.161
346	85.8231
347	85.8231
348	85.8231
349	84.9367
350	83.683
351	83.345
352	83.345
353	83.345
354	83.1801
355	83.1801
356	83.1801
357	83.1801
358	83.0944
359	82.9295
360	82.9295
361	82.9295
362	82.9295
363	82.9295
364	82.1821
365	82.164
366	82.164
367	81.3064
368	81.3064
369	81.3064
370	80.8451
371	80.8451
372	80.827
373	80.827
374	80.827
375	80.827
376	80.486
377	80.486
378	80.3971
379	80.3971
380	79.9813
381	79.9813
382	79.9813
383	79.9813
384	79.3954
385	79.3954
386	79.3954
387	79.3954
388	79.3671
389	79.349
390	79.2026
391	79.2026
392	79.1562
393	79.1562
394	79.1562
395	79.1562
396	79.1562
397	79.1562
398	78.9566
399	75.3887
400	75.01
401	74.0225
402	74.0225
403	74.0225
404	74.0225
405	74.0225
406	74.0225
407	74.0225
408	74.0225
409	74.0225
410	74.0225
411	74.0225
412	74.0225
413	74.0225
414	74.0225
415	74.0225
416	74.0225
417	74.0225
418	74.0225
419	74.0225
420	74.0225
421	74.0225
422	74.0225
423	74.0225
424	74.0225
425	74.0225
426	74.0225
427	74.0225
428	74.0225
429	74.0225
430	74.0225
431	74.0225
432	74.0225
433	74.0225
434	74.0225
435	74.0225
436	74.0225
437	74.0225
438	74.0225
439	74.0225
440	74.0225
441	74.0225
442	74.0225
443	74.0225
444	74.0225
445	74.0225
446	74.0225
447	74.0225
448	74.0225
449	74.0225
450	73.7356
451	73.3573
452	73.1464
453	72.9343
454	72.9343
455	72.9343
456	72.9343
457	72.9343
458	72.9343
459	72.9343
460	72.9343
461	72.9343
462	72.9343
463	72.9343
464	72.9343
465	72.9343
466	72.9343
467	72.9343
468	72.9343
469	72.9343
470	72.9343
471	72.9343
472	72.9343
473	72.9343
474	72.9343
475	72.9343
476	72.8926
477	72.4646
478	72.4646
479	72.4646
480	72.4228
481	72.4228
482	72.4228
483	72.0208
484	71.979
485	71.979
486	71.979
487	71.9606
488	71.9606
489	71.9606
490	71.9606
491	71.9606
492	71.9606
493	71.9606
494	71.9606
495	71.9606
496	71.9606
497	71.9606
498	71.9606
499	71.9606
500	71.8173
501	71.8173
502	71.425
503	71.2706
504	71.2706
505	71.2706
506	71.2706
507	71.2706
508	71.2706
509	71.2706
510	71.2706
511	71.2706
512	71.2706
513	71.2706
514	71.2706
515	71.2706
516	71.2706
517	71.2706
518	71.2706
519	71.2706
520	71.2706
521	71.2706
522	71.2706
523	71.2706
524	71.2706
525	71.2706
526	71.2706
527	71.2706
528	71.2706
529	71.2706
530	71.2706
531	71.2706
532	71.2706
533	71.2706
534	71.2706
535	70.7363
536	70.7363
537	70.7363
538	70.7363
539	70.7363
540	70.7363
541	70.7363
542	70.7363
543	70.7363
544	70.7363
545	70.7363
546	70.7363
547	70.7363
548	70.7363
549	70.5825
550	70.2815
551	70.0211
552	70.0211
553	69.5621
554	69.3191
555	69.3191
556	69.3191
557	69.3191
558	69.3191
559	69.3191
560	69.3191
561	69.3191
562	69.3191
563	69.3191
564	69.3191
565	69.3191
566	69.3191
567	69.3191
568	69.3191
569	69.3191
570	69.3191
571	69.3191
572	69.3191
573	69.3191
574	69.3191
575	69.3191
576	69.3191
577	69.3191
578	69.3191
579	69.3191
580	69.3191
581	69.3191
582	69.3191
583	69.3191
584	69.3191
585	69.3191
586	69.3191
587	69.3191
588	69.3191
589	69.3191
590	69.3191
591	69.3191
592	69.3191
593	69.3191
594	69.0919
595	69.0919
596	69.0919
597	69.0919
598	69.0919
599	69.0919
600	69.0919
601	69.0919
602	69.0919
603	69.0919
604	69.0919
605	69.0919
606	69.0919
607	69.0919
608	69.0919
609	69.0919
610	69.0919
611	69.0919
612	69.0919
613	69.0919
614	69.0919
615	69.0919
616	69.0919
617	69.0854
618	69.0854
619	69.0854
620	69.0854
621	69.0854
622	69.0854
623	69.0854
624	69.0854
625	69.0854
626	69.0854
627	69.0854
628	69.0854
629	69.0854
630	69.0854
631	69.0854
632	69.0854
633	69.0854
634	69.0854
635	69.0854
636	69.0854
637	69.0854
638	69.0854
639	69.0854
640	68.2046
641	68.2046
642	68.2046
643	68.2046
644	68.2046
645	68.2046
646	68.2046
647	68.2046
648	68.2046
649	68.2046
650	68.2046
651	68.2046
652	68.2046
653	67.9698
654	67.9698
655	67.9698
656	67.9698
657	67.9698
658	67.9698
659	67.7535
660	67.7535
661	67.7535
662	67.7535
663	67.7211
664	67.7211
665	67.7211
666	67.7211
667	67.7211
668	67.7211
669	67.7211
670	67.7211
671	67.7211
672	67.7211
673	67.7211
674	67.7211
675	67.668
676	67.668
677	67.668
678	67.668
679	67.668
680	67.668
681	67.668
682	67.668
683	67.668
684	67.668
685	67.668
686	67.668
687	67.668
688	67.668
689	67.668
690	67.668
691	67.668
692	67.668
693	67.668
694	67.668
695	67.668
696	67.668
697	67.668
698	67.668
699	67.668
700	67.668
701	67.668
702	67.668
703	67.6575
704	67.6575
705	67.6575
706	67.6575
707	67.6575
708	67.6575
709	67.6575
710	67.6575
711	67.6575
712	67.6575
713	67.6575
714	67.6575
715	67.6575
716	67.6575
717	67.6575
718	67.6575
719	67.6575
720	67.6575
721	67.6575
722	67.6575
723	67.6575
724	67.6575
725	67.6575
726	67.6575
727	67.6575
728	67.6575
729	67.6575
730	67.6575
731	67.6575
732	67.6575
733	67.6575
734	67.6575
735	67.6575
736	67.6575
737	67.6575
738	67.6575
739	67.6575
740	67.6575
741	67.6575
742	67.6575
743	67.6575
744	67.6575
745	67.6575
746	67.6575
747	67.6575
748	67.6575
749	67.6575
750	67.6575
751	67.6575
752	67.6575
753	67.6575
754	67.6575
755	67.6575
756	67.6575
757	67.6575
758	67.6575
759	67.6575
760	67.6575
761	67.6575
762	67.6575
763	67.6575
764	67.6575
765	67.3545
766	67.3545
767	67.3545
768	67.3545
769	67.3545
770	67.3545
771	67.3545
772	67.3545
773	67.3545
774	67.3545
775	67.3545
776	67.3545
777	67.3545
778	67.3545
779	67.3545
780	67.3545
781	67.3545
782	67.3545
783	67.3545
784	67.3545
785	67.3545
786	67.3545
787	67.3545
788	67.3545
789	67.3545
790	67.3545
791	67.3545
792	67.3545
793	67.3545
794	67.3545
795	67.3545
796	67.3545
797	67.3545
798	67.3545
799	67.3545
800	67.3545
801	67.3545
802	67.3545
803	67.3545
804	67.3545
805	67.3545
806	67.3545
807	67.3545
808	67.3545
809	67.3545
810	67.3545
811	67.3545
812	67.3545
813	67.3545
814	67.3545
815	67.3545
816	67.3545
817	67.3545
818	67.3545
819	67.3545
820	67.3545
821	67.3545
822	67.3545
823	67.3545
824	67.3545
825	67.3545
826	67.3545
827	67.3545
828	67.3545
829	67.3545
830	67.3545
831	67.3545
832	67.3545
833	67.3545
834	67.3545
835	67.3545
836	67.3545
837	67.3545
838	67.3545
839	67.3545
840	67.3545
841	67.3545
842	67.3545
843	67.3545
844	67.3545
845	67.3545
846	67.3545
847	67.3545
848	67.3545
849	67.3545
850	67.3545
851	67.3545
852	67.3545
853	67.3545
854	67.3545
855	67.3545
856	67.3545
857	67.3545
858	67.3545
859	67.3545
860	67.3545
861	67.3545
862	67.3545
863	67.3545
864	67.3545
865	67.3545
866	67.3545
867	67.3545
868	67.3545
869	67.3545
870	67.3545
871	67.3545
872	67.3545
873	67.3545
874	67.3545
875	67.3545
876	67.3545
877	67.3545
878	67.3545
879	67.3545
880	67.3545
881	67.3545
882	67.3545
883	67.3545
884	67.3545
885	67.3545
886	67.3545
887	67.3545
888	67.3545
889	67.3545
890	67.3545
891	67.3545
892	67.3545
893	67.3545
894	67.3545
895	67.3545
896	67.3545
897	67.3545
898	67.3545
899	67.3545
900	67.3545
901	67.3545
902	67.3545
903	67.3545
904	67.3545
905	67.3545
906	67.3545
907	67.3545
908	67.3545
909	67.3545
910	67.3545
911	67.3545
912	67.3545
913	67.3545
914	67.3545
915	67.3545
916	67.3545
917	67.3545
918	67.3545
919	67.3545
920	67.3545
921	67.3545
922	67.3545
923	67.3545
924	67.3545
925	67.3545
926	67.3545
927	67.3545
928	67.3545
929	67.3545
930	67.3545
931	67.3545
932	67.3545
933	67.3545
934	67.3545
935	67.3545
936	67.3545
937	67.3545
938	67.3545
939	67.3545
940	67.3545
941	67.3545
942	67.3545
943	67.3545
944	67.3545
945	67.3545
946	67.3545
947	67.3545
948	67.3545
949	67.3545
950	67.0568
951	67.0568
952	67.0568
953	67.0568
954	67.0568
955	67.0568
956	67.0568
957	67.0568
958	67.0568
959	67.0568
960	67.0568
961	67.0568
962	67.0568
963	67.0568
964	67.0568
965	67.0568
966	67.0568
967	67.0568
968	67.0568
969	67.0568
970	67.0568
971	67.0568
972	67.0568
973	67.0568
974	67.0568
975	67.0568
976	67.0568
977	67.0568
978	67.0568
979	67.0568
980	67.0568
981	67.0568
982	67.0568
983	67.0568
984	67.0568
985	67.0568
986	67.0568
987	67.0568
988	67.0568
989	67.0568
990	67.0568
991	67.0568
992	67.0568
993	67.0568
994	67.0568
995	67.0568
996	67.0568
997	67.0568
998	67.0568
999	67.0427
