0	427.467
1	427.467
2	414.716
3	411.817
4	399.586
5	396.697
6	391.802
7	384.744
8	379.708
9	371.666
10	364.408
11	360.331
12	353.203
13	350.206
14	342.959
15	342.039
16	335.187
17	334.195
18	320.984
19	320.984
20	319.398
21	316.576
22	311.541
23	307.983
24	306.848
25	304.751
26	294.11
27	294.11
28	290.529
29	286.587
30	278.846
31	275.084
32	268.184
33	268.184
34	266.757
35	264.668
36	264.356
37	262.031
38	262.031
39	257.601
40	256.04
41	252.329
42	250.593
43	244.581
44	242.995
45	242.417
46	238.824
47	238.13
48	236.945
49	235.865
50	235.865
51	232.278
52	230.124
53	230.124
54	228.845
55	227.976
56	227.268
57	226.866
58	224.974
59	223.952
60	221.314
61	221.079
62	220.647
63	217.999
64	216.408
65	213.473
66	209.581
67	208.432
68	206.671
69	206.179
70	205.818
71	205.746
72	204.041
73	203.969
74	201.959
75	199.75
76	199.057
77	198.849
78	198.128
79	195.299
80	194.075
81	194.075
82	192.843
83	191.097
84	186.255
85	186.255
86	185.489
87	185.489
88	182.494
89	181.728
90	180.341
91	179.402
92	177.274
93	177.159
94	173.987
95	173.291
96	173.291
97	172.325
98	172.06
99	171.786
100	167.72
101	167.72
102	167.703
103	167.532
104	165.983
105	163.466
106	163.466
107	159.971
108	158.861
109	158.861
110	158.861
111	158.251
112	158.251
113	158.251
114	158.211
115	156.84
116	156.84
117	156.254
118	154.905
119	154.905
120	153.248
121	153.248
122	151.928
123	151.928
124	150.162
125	150.162
126	150.162
127	149.296
128	148.462
129	146.509
130	145.779
131	145.779
132	145.526
133	144.44
134	144.44
135	144.344
136	144.344
137	144.344
138	144.344
139	144.231
140	143.718
141	143.718
142	143.649
143	142.376
144	141.959
145	141.681
146	140.96
147	139.152
148	139.152
149	138.977
150	138.977
151	138.282
152	136.431
153	136.431
154	135.736
155	135.736
156	135.015
157	134.32
158	134.32
159	134.32
160	133.258
161	131.898
162	131.898
163	131.898
164	131.033
165	131.033
166	131.033
167	130.85
168	129.001
169	129.001
170	128.462
171	127.827
172	126.963
173	126.513
174	125.79
175	125.654
176	125.085
177	124.907
178	124.425
179	124.338
180	123.678
181	123.234
182	123.234
183	123.234
184	122.655
185	122.655
186	122.655
187	122.187
188	121.233
189	121.233
190	121.135
191	121.135
192	121.049
193	121.037
194	120.928
195	120.745
196	120.662
197	120.662
198	119.353
199	118.227
200	117.859
201	117.302
202	117.244
203	117.244
204	117.244
205	116.896
206	116.896
207	116.896
208	116.896
209	116.852
210	116.517
211	116.169
212	115.254
213	115.254
214	115.254
215	115.254
216	115.254
217	115.069
218	113.888
219	113.888
220	113.888
221	113.811
222	113.629
223	113.629
224	113.142
225	112.95
226	112.829
227	112.794
228	111.978
229	111.796
230	111.796
231	111.796
232	111.761
233	111.761
234	111.761
235	111.747
236	111.342
237	111.322
238	111.044
239	111.044
240	110.349
241	110.349
242	110.349
243	110.313
244	109.361
245	109.361
246	109.226
247	109.186
248	109.122
249	108.947
250	107.127
251	106.887
252	106.887
253	106.887
254	106.887
255	106.544
256	106.507
257	106.007
258	105.849
259	105.627
260	105.249
261	105.249
262	105.092
263	105.092
264	104.352
265	104.352
266	104.352
267	104.097
268	103.346
269	103.346
270	102.599
271	102.599
272	102.578
273	102.578
274	102.552
275	102.541
276	102.541
277	102.516
278	102.516
279	102.187
280	102.161
281	102.161
282	100.755
283	100.214
284	99.4736
285	99.1857
286	99.1857
287	99.0239
288	98.8141
289	98.5806
290	98.5806
291	98.5806
292	98.5806
293	98.5479
294	98.5479
295	98.5479
296	98.428
297	98.428
298	98.428
299	97.6419
300	97.6419
301	97.6419
302	97.6419
303	97.0353
304	97.0353
305	96.8583
306	96.8583
307	96.8583
308	96.5975
309	96.5975
310	96.2343
311	96.2343
312	96.1079
313	95.8117
314	95.7251
315	95.7251
316	95.7251
317	95.575
318	95.575
319	95.575
320	95.575
321	95.575
322	95.575
323	95.575
324	95.575
325	95.575
326	95.5194
327	95.4188
328	95.3632
329	95.0062
330	94.8499
331	94.758
332	94.709
333	94.709
334	94.7024
335	94.7024
336	94.7024
337	94.7024
338	94.7024
339	94.7024
340	94.7024
341	94.7024
342	94.7024
343	94.6958
344	94.6958
345	94.6269
346	94.3773
347	94.3773
348	94.3773
349	94.2598
350	94.1215
351	94.0103
352	93.7545
353	93.7545
354	93.6448
355	93.6448
356	93.6448
357	93.6448
358	93.6448
359	93.6448
360	93.6448
361	93.6448
362	93.6448
363	93.6448
364	93.6448
365	93.6448
366	93.6448
367	93.6448
368	93.6448
369	93.6448
370	93.633
371	93.633
372	93.633
373	93.633
374	93.633
375	93.0906
376	93.0906
377	93.0906
378	93.0842
379	93.0227
380	93.0227
381	92.5999
382	92.4379
383	91.9536
384	91.9471
385	91.9471
386	91.9471
387	90.8273
388	90.8273
389	90.8273
390	90.8273
391	90.6625
392	90.6625
393	90.6625
394	90.6625
395	90.3088
396	89.7048
397	89.7048
398	89.7048
399	89.7048
400	89.7048
401	89.7048
402	89.7048
403	89.7048
404	89.7048
405	89.7048
406	89.5906
407	89.5906
408	89.5906
409	89.5906
410	89.5906
411	89.5906
412	86.7228
413	86.7228
414	86.6993
415	86.6993
416	86.6993
417	86.6993
418	86.3331
419	86.1898
420	86.1663
421	86.1663
422	85.4889
423	85.4889
424	85.4889
425	85.4889
426	85.4889
427	85.4889
428	85.4889
429	85.4889
430	85.4889
431	85.4889
432	85.4889
433	85.4889
434	85.4889
435	85.3949
436	85.0924
437	84.9984
438	84.9984
439	84.7934
440	84.7934
441	84.7934
442	84.7934
443	84.7934
444	84.7934
445	84.7585
446	84.5534
447	84.5534
448	84.033
449	83.828
450	83.828
451	83.828
452	83.828
453	83.7264
454	83.7264
455	83.7264
456	83.3711
457	83.3711
458	83.3711
459	83.3711
460	83.3711
461	82.6375
462	82.6375
463	82.6375
464	82.6375
465	82.6375
466	82.629
467	82.629
468	82.629
469	82.629
470	82.629
471	82.629
472	82.629
473	82.629
474	82.629
475	82.5181
476	82.5181
477	82.5181
478	82.1991
479	82.1991
480	82.1991
481	81.9904
482	81.9904
483	81.9904
484	81.9904
485	81.9904
486	81.9904
487	81.9904
488	81.6209
489	81.6209
490	81.6209
491	81.6209
492	81.6209
493	81.1066
494	80.7713
495	80.7713
496	79.4953
497	79.4953
498	79.4953
499	79.0158
500	79.0158
501	78.8054
502	78.8054
503	78.2079
504	78.2079
505	78.2079
506	78.2079
507	78.2079
508	78.0866
509	78.0866
510	78.0866
511	78.0866
512	78.0866
513	78.0866
514	78.0866
515	78.0866
516	78.0866
517	77.7599
518	77.7599
519	77.7599
520	77.7599
521	77.7599
522	77.3546
523	77.3546
524	77.3546
525	77.3546
526	77.3546
527	77.1084
528	77.1084
529	77.1084
530	77.1084
531	77.1084
532	77.1084
533	77.1084
534	77.1084
535	77.1084
536	77.1084
537	77.1084
538	77.1084
539	77.1084
540	77.1084
541	77.1084
542	77.1084
543	76.9617
544	76.9617
545	76.9617
546	76.9617
547	76.9617
548	76.9617
549	76.9617
550	76.9617
551	76.9617
552	76.9617
553	76.9617
554	76.9261
555	76.2382
556	76.2382
557	76.2027
558	76.2027
559	75.6715
560	75.6715
561	75.6715
562	75.6715
563	75.6715
564	75.6715
565	75.6715
566	75.6715
567	75.6715
568	75.6715
569	75.6715
570	75.6715
571	75.6715
572	75.6715
573	75.6715
574	75.6715
575	75.6715
576	75.6715
577	75.6715
578	75.6715
579	75.6715
580	75.6715
581	75.6672
582	75.6672
583	75.6672
584	75.6672
585	75.6672
586	75.6672
587	75.4
588	75.4
589	75.4
590	75.4
591	75.0829
592	75.0829
593	75.0829
594	75.0829
595	75.0829
596	75.0829
597	75.0829
598	75.0829
599	75.0829
600	75.0829
601	75.0829
602	75.0829
603	75.0829
604	75.0829
605	75.0042
606	75.0042
607	75.0042
608	75.0042
609	75.0042
610	75.0042
611	75.0042
612	75.0042
613	75.0042
614	75.0042
615	75.0042
616	75.0042
617	75.0042
618	75.0042
619	75.0042
620	75.0042
621	75.0042
622	75.0042
623	75.0042
624	75.0042
625	74.3458
626	74.3458
627	74.3458
628	74.3458
629	74.3458
630	74.3458
631	74.3458
632	74.3458
633	74.3458
634	74.3458
635	74.3458
636	74.3458
637	74.3458
638	74.3458
639	74.3458
640	74.3458
641	74.3458
642	74.3458
643	74.3458
644	74.3458
645	74.3458
646	74.3458
647	74.3458
648	74.3458
649	74.3458
650	74.3458
651	74.3458
652	74.3458
653	74.3458
654	74.3458
655	74.3458
656	74.3458
657	74.3178
658	74.2605
659	74.2605
660	74.2605
661	74.2605
662	74.2605
663	74.2605
664	74.2605
665	74.2605
666	74.2605
667	74.2605
668	74.2605
669	74.2605
670	74.21
671	74.21
672	74.21
673	74.21
674	74.21
675	73.5659
676	73.5659
677	73.5659
678	73.5659
679	73.5393
680	73.5393
681	73.5393
682	73.5393
683	73.5393
684	73.5393
685	73.5393
686	73.5393
687	73.5393
688	73.5393
689	73.5393
690	72.8058
691	72.8058
692	72.8058
693	72.8058
694	72.8058
695	72.8058
696	72.8058
697	72.8058
698	72.7619
699	72.72
700	72.72
701	72.72
702	72.72
703	72.72
704	72.72
705	72.72
706	72.72
707	72.6634
708	72.4732
709	72.4732
710	72.4732
711	72.3771
712	72.3771
713	72.3771
714	72.3771
715	72.3771
716	72.3771
717	72.3771
718	72.3771
719	72.3771
720	72.3771
721	72.3771
722	72.3771
723	72.3771
724	72.3771
725	72.3771
726	72.3771
727	72.3771
728	72.3771
729	72.3771
730	72.3553
731	72.3553
732	71.605
733	71.605
734	71.605
735	71.605
736	71.605
737	71.605
738	71.605
739	71.605
740	71.605
741	71.605
742	71.605
743	71.605
744	71.605
745	71.605
746	71.605
747	71.605
748	71.605
749	71.605
750	71.605
751	71.605
752	71.605
753	71.3285
754	71.3285
755	70.8473
756	70.8473
757	70.8473
758	70.8473
759	70.8473
760	70.8473
761	70.8473
762	70.8473
763	70.8473
764	70.8473
765	70.8473
766	70.8473
767	70.8473
768	70.8473
769	70.8473
770	70.8473
771	70.8473
772	70.8473
773	70.8473
774	70.8473
775	70.8473
776	70.8473
777	70.8473
778	70.8473
779	70.8473
780	70.8473
781	70.8473
782	70.8473
783	70.8473
784	70.8473
785	70.8473
786	70.8473
787	70.8473
788	70.6952
789	70.6952
790	70.6952
791	70.6952
792	70.6952
793	70.6152
794	70.6152
795	70.6152
796	70.6152
797	70.6152
798	70.6152
799	70.5731
800	70.5731
801	70.5731
802	70.5731
803	70.5731
804	70.5731
805	70.5731
806	70.5731
807	70.5731
808	70.5731
809	70.5731
810	70.5731
811	70.5731
812	70.5731
813	70.5731
814	70.5731
815	70.5731
816	70.5731
817	70.3628
818	70.1166
819	70.1166
820	70.1166
821	70.1166
822	70.1166
823	70.1166
824	70.1166
825	70.1166
826	70.1166
827	70.1166
828	70.1166
829	70.1166
830	70.1166
831	70.1166
832	70.1166
833	70.1166
834	70.1166
835	70.1166
836	70.1166
837	70.1166
838	69.8902
839	69.8902
840	69.8902
841	69.8902
842	69.8902
843	69.8902
844	69.8902
845	69.8902
846	69.8902
847	69.8902
848	69.8902
849	69.8902
850	69.8902
851	69.8902
852	69.8902
853	69.8902
854	69.8902
855	69.8902
856	69.8902
857	69.8902
858	69.8902
859	69.8902
860	69.8902
861	69.8902
862	69.8902
863	69.8902
864	69.8902
865	69.8902
866	69.8902
867	69.8902
868	69.8902
869	69.8902
870	69.8902
871	69.8902
872	69.8902
873	69.8902
874	69.8902
875	69.8902
876	69.8902
877	69.8902
878	69.8902
879	69.8902
880	69.8902
881	69.8902
882	69.8902
883	69.8902
884	69.8902
885	69.8902
886	69.8902
887	69.8902
888	69.8902
889	69.8902
890	69.8902
891	69.8902
892	69.656
893	69.656
894	69.656
895	69.656
896	69.656
897	69.656
898	69.656
899	69.656
900	69.656
901	69.656
902	69.656
903	69.656
904	69.656
905	69.656
906	69.656
907	69.656
908	69.656
909	69.656
910	69.656
911	69.656
912	69.656
913	69.656
914	69.656
915	69.472
916	69.472
917	69.472
918	69.472
919	69.472
920	69.472
921	69.472
922	69.472
923	69.3966
924	69.3966
925	69.3966
926	69.3966
927	69.3966
928	69.3966
929	69.3966
930	69.3966
931	69.3966
932	69.3966
933	69.3966
934	69.3966
935	69.3966
936	69.3966
937	69.3966
938	69.3966
939	69.3966
940	69.3966
941	69.3966
942	69.3966
943	69.3966
944	69.3966
945	69.3966
946	69.3966
947	69.3966
948	69.3966
949	69.3966
950	69.3966
951	69.3966
952	69.3966
953	69.3966
954	69.3966
955	69.3966
956	69.3394
957	69.3394
958	69.3394
959	69.3394
960	69.3394
961	69.3394
962	69.3394
963	69.3394
964	69.3394
965	69.3394
966	69.3394
967	69.3394
968	69.3394
969	69.3394
970	69.3394
971	69.3394
972	69.3394
973	69.3394
974	69.3394
975	69.3394
976	69.3394
977	69.3394
978	69.3394
979	69.3394
980	69.3394
981	69.3394
982	69.3394
983	69.3394
984	69.3394
985	69.3394
986	69.3394
987	69.3394
988	69.3394
989	69.3394
990	69.3394
991	69.3394
992	69.3394
993	69.3394
994	69.3394
995	69.3394
996	69.3394
997	69.3394
998	69.3394
999	69.3394
